Accuracy		Prec(class0)	Prec(class4)	Rec(class0)		Rec(class4)
0.641818181818	0.630434782609	0.655378486056	0.685454545455	0.598181818182
0.612727272727	0.605084745763	0.621568627451	0.649090909091	0.576363636364
0.628181818182	0.620512820513	0.636893203883	0.66	0.596363636364
0.617272727273	0.608768971332	0.627218934911	0.656363636364	0.578181818182
0.62	0.61301369863	0.627906976744	0.650909090909	0.589090909091
0.592727272727	0.589473684211	0.596226415094	0.610909090909	0.574545454545
0.609090909091	0.602739726027	0.616279069767	0.64	0.578181818182
0.634545454545	0.632616487455	0.636531365314	0.641818181818	0.627272727273
0.624545454545	0.621669626998	0.627560521415	0.636363636364	0.612727272727
0.607272727273	0.600340136054	0.615234375	0.641818181818	0.572727272727
0.637272727273	0.644913627639	0.630397236615	0.610909090909	0.663636363636
0.606363636364	0.605026929982	0.60773480663	0.612727272727	0.6
0.609090909091	0.6171875	0.602040816327	0.574545454545	0.643636363636
0.610909090909	0.615094339623	0.60701754386	0.592727272727	0.629090909091
0.622727272727	0.634194831014	0.613065326633	0.58	0.665454545455
0.573636363636	0.576850094877	0.570680628272	0.552727272727	0.594545454545
0.598181818182	0.601123595506	0.595406360424	0.583636363636	0.612727272727
0.602727272727	0.61554192229	0.592471358429	0.547272727273	0.658181818182
0.608181818182	0.602409638554	0.614643545279	0.636363636364	0.58
0.596363636364	0.6	0.59298245614	0.578181818182	0.614545454545
0.614194722475	0.613309352518	0.615101289134	0.62	0.608378870674
0.589090909091	0.586572438163	0.591760299625	0.603636363636	0.574545454545
0.611818181818	0.612844036697	0.610810810811	0.607272727273	0.616363636364
0.57	0.570902394107	0.569120287253	0.563636363636	0.576363636364
0.570909090909	0.567708333333	0.574427480916	0.594545454545	0.547272727273
0.577272727273	0.576301615799	0.578268876611	0.583636363636	0.570909090909
0.588181818182	0.588021778584	0.588342440801	0.589090909091	0.587272727273
0.605454545455	0.611969111969	0.599656357388	0.576363636364	0.634545454545
0.608181818182	0.616438356164	0.601018675722	0.572727272727	0.643636363636
0.583636363636	0.581560283688	0.585820895522	0.596363636364	0.570909090909

P-value:
SVM-Naive_Bayes: 0.0031411248519496822
Naive_Bayes-Decision_tree: 0.039057228613168959
SVM-Decision_tree: 6.1355045818692236e-05

From this result we see that no two classifiers are significantly different then another. And also decision trees is not the best classifier in terms of accuracies above.
